240.000000    19    4560.000000
240.000000    19    4560.000000
240.000000    19    4560.000000
240.000000    19    4560.000000
240.000000    19    4560.000000
240.000000    17    4080.000000
240.000000    19    4560.000000
240.000000    19    4560.000000
240.000000    19    4560.000000
240.000000    19    4560.000000
240.000000    19    4560.000000
240.000000    19    4560.000000
240.000000    18    4320.000000
240.000000    19    4560.000000
240.000000    19    4560.000000
240.000000    19    4560.000000
240.000000    19    4560.000000
240.000000    17    4080.000000
240.000000    19    4560.000000
240.000000    19    4560.000000
240.000000    19    4560.000000
240.000000    19    4560.000000
目标总额：100000.000000
生成总额：99120.000000
差值：880.000000